
0.05	0.326	0.183	0.380	4	0.282	0.278	0.369	4	0.379	0.340	0.392	4	0.088	0.024	0.126	4
0.10	0.253	-0.002	0.450	11	0.356	0.156	0.564	14	0.453	0.323	0.705	14	0.135	-0.271	0.242	14
0.15	0.159	-0.170	0.756	25	0.358	-0.101	0.681	31	0.410	0.219	0.569	31	0.056	-0.229	0.258	29
0.20	0.225	-0.180	0.814	29	0.397	0.091	0.826	33	0.362	0.158	0.530	33	0.092	-0.151	0.295	33
0.25	0.153	-0.245	0.458	39	0.348	0.038	0.846	42	0.236	-0.023	0.447	42	0.243	-0.017	0.571	42
0.30	0.208	-0.129	0.615	36	0.385	-0.056	0.784	41	0.154	-0.094	0.339	39	0.486	0.241	0.627	39
0.35	0.131	-0.132	0.677	59	0.254	-0.168	0.956	66	0.092	-0.165	0.364	66	0.513	0.295	0.788	63
0.40	0.183	-0.105	0.492	46	0.095	-0.236	0.725	49	0.122	-0.133	0.411	49	0.370	0.011	0.723	48
0.45	0.239	0.021	0.466	42	0.103	-0.231	0.596	52	0.189	-0.007	0.563	51	0.197	-0.133	0.487	47
0.50	0.278	0.036	0.576	45	-0.059	-0.306	0.458	58	0.214	0.029	0.512	58	0.097	-0.087	0.330	57
0.55	0.322	0.127	0.537	40	-0.084	-0.259	0.267	42	0.179	0.031	0.456	42	0.032	-0.195	0.292	40
0.60	0.339	0.138	0.519	35	-0.068	-0.302	0.458	39	0.161	-0.087	0.548	39	-0.039	-0.197	0.151	38
0.65	0.318	0.109	0.555	48	-0.019	-0.270	0.316	56	0.125	-0.073	0.539	55	-0.017	-0.282	0.221	52
0.70	0.329	0.108	0.567	39	0.015	-0.132	0.227	43	0.019	-0.202	0.216	43	0.129	-0.053	0.345	41
0.75	0.285	0.074	0.517	56	0.040	-0.197	0.377	62	-0.002	-0.247	0.403	62	0.136	-0.100	0.387	61
0.80	0.295	0.113	0.722	53	0.041	-0.213	0.342	57	-0.069	-0.220	0.147	57	0.139	0.008	0.311	55
0.85	0.231	0.009	0.527	46	0.058	-0.105	0.196	48	-0.041	-0.289	0.144	48	0.125	-0.027	0.331	45
0.90	0.250	-0.047	0.548	47	0.119	-0.107	0.297	54	-0.069	-0.192	0.091	54	0.127	-0.027	0.314	50
0.95	0.138	-0.093	0.362	51	0.159	-0.014	0.342	57	-0.056	-0.180	0.083	57	0.092	-0.038	0.213	54
1.00	0.157	-0.026	0.377	41	0.239	0.066	0.418	45	-0.039	-0.211	0.089	44	0.032	-0.137	0.194	39
1.05	0.152	-0.074	0.399	57	0.230	0.025	0.463	65	-0.045	-0.166	0.149	64	0.030	-0.147	0.203	57
1.10	0.114	-0.072	0.362	51	0.214	0.064	0.457	56	-0.042	-0.162	0.079	56	-0.065	-0.268	0.124	49
1.15	0.082	-0.151	0.397	57	0.249	0.010	0.539	62	0.010	-0.146	0.158	62	-0.074	-0.310	0.147	57
1.20	0.056	-0.181	0.369	62	0.268	0.053	0.500	67	0.032	-0.107	0.165	67	-0.070	-0.242	0.141	62
1.25	0.063	-0.178	0.309	64	0.253	0.039	0.473	70	0.004	-0.173	0.169	70	-0.076	-0.194	0.056	65
1.30	0.065	-0.186	0.410	56	0.259	0.035	0.582	60	0.025	-0.159	0.309	61	-0.059	-0.246	0.185	58
1.35	0.046	-0.297	0.396	53	0.252	0.036	0.456	58	0.036	-0.100	0.164	58	-0.042	-0.170	0.080	50
1.40	0.069	-0.114	0.328	48	0.247	0.042	0.437	56	0.086	-0.031	0.232	56	-0.032	-0.167	0.137	50
1.45	0.172	-0.036	0.368	50	0.148	-0.004	0.326	55	0.123	-0.026	0.269	54	-0.022	-0.173	0.130	51
1.50	0.169	-0.056	0.744	68	0.150	-0.003	0.578	73	0.182	0.071	0.365	72	-0.028	-0.223	0.198	66
1.55	0.203	0.036	0.437	70	0.092	-0.101	0.370	75	0.206	0.016	0.382	75	-0.022	-0.170	0.163	68
1.60	0.210	0.037	0.419	73	0.070	-0.092	0.240	81	0.217	0.102	0.341	81	-0.002	-0.163	0.182	75
1.65	0.162	-0.001	0.483	52	0.074	-0.124	0.455	58	0.213	0.059	0.370	57	0.012	-0.155	0.175	57
1.70	0.106	-0.071	0.319	51	0.035	-0.101	0.484	59	0.251	0.033	0.504	59	0.024	-0.132	0.183	54
1.75	0.077	-0.113	0.278	63	0.023	-0.192	0.247	67	0.259	0.100	0.447	67	0.014	-0.163	0.179	63
1.80	0.079	-0.252	0.474	59	0.044	-0.198	0.344	67	0.270	0.133	0.492	67	0.030	-0.138	0.214	63
1.85	0.048	-0.174	0.373	48	0.015	-0.173	0.214	51	0.262	0.128	0.472	51	0.049	-0.131	0.157	45
1.90	-0.009	-0.416	0.300	51	0.046	-0.171	0.305	58	0.251	0.108	0.423	58	0.057	-0.071	0.243	53
1.95	0.039	-0.162	0.232	50	0.032	-0.174	0.221	50	0.209	0.044	0.380	50	0.134	0.021	0.261	47
2.00	0.036	-0.299	0.366	44	0.064	-0.073	0.276	50	0.174	0.031	0.365	49	0.177	0.017	0.381	45
2.05	0.133	-0.109	0.457	43	0.121	-0.212	0.459	49	0.148	-0.043	0.389	48	0.205	0.063	0.352	43
2.10	0.184	-0.076	0.422	42	0.100	-0.351	0.345	48	0.112	-0.065	0.321	48	0.217	0.061	0.409	41
2.20	0.289	-0.048	0.647	117	0.072	-0.228	0.421	135	0.119	-0.085	0.355	135	0.224	0.067	0.396	124
2.40	0.570	0.148	1.082	42	0.062	-0.218	0.568	55	0.077	-0.085	0.354	54	0.250	0.061	0.570	50
2.60	0.795	0.419	1.343	29	0.172	-0.084	0.649	39	0.083	-0.072	0.406	38	0.252	0.038	0.517	35
2.80	1.046	0.185	1.648	18	0.145	-0.050	0.545	32	0.107	-0.114	0.437	32	0.174	-0.027	0.502	29
3.00	1.475	0.905	2.049	8	0.245	0.004	0.804	20	0.088	-0.126	0.486	20	0.112	-0.136	0.280	19
3.20	\ldots	\ldots	\ldots	0	0.217	0.123	0.496	13	0.104	-0.050	0.337	13	0.051	-0.040	0.171	11
3.40	\ldots	\ldots	\ldots	0	0.414	0.276	0.829	7	0.115	0.004	0.145	7	0.087	-0.029	0.098	7
3.60	\ldots	\ldots	\ldots	0	1.084	0.570	1.544	24	0.093	-0.017	0.252	25	0.094	-0.106	0.318	15
3.80	\ldots	\ldots	\ldots	0	1.257	1.021	1.815	29	0.076	-0.043	0.203	31	0.180	-0.103	0.258	19
4.00	\ldots	\ldots	\ldots	0	1.406	1.069	1.638	17	0.145	-0.013	0.270	19	0.121	0.029	0.168	7
4.20	\ldots	\ldots	\ldots	0	1.813	1.492	2.183	7	0.295	0.018	0.443	10	0.096	0.003	0.140	8
4.40	\ldots	\ldots	\ldots	0	\ldots	\ldots	\ldots	0	0.334	0.213	0.428	6	0.239	0.235	0.286	4
4.60	\ldots	\ldots	\ldots	0	\ldots	\ldots	\ldots	0	1.074	0.887	1.452	8	0.084	-0.047	0.127	4
4.80	\ldots	\ldots	\ldots	0	\ldots	\ldots	\ldots	0	\ldots	\ldots	\ldots	0	\ldots	\ldots	\ldots	0